"vern" <-
structure(list(geno = structure(list(ch1 = structure(list(data = structure(c(1, 
1, 1, 2, 1, 2, 2, 2, 2, 2, 1, 1, 1, 2, 1, 2, 2, 2, 2, 2, 2, 1, 
2, 2, 2, 1, 1, 2, 2, 2, 2, 2, 2, 2, 2, 2, 2, 2, 2, NA, 2, 2, 
2, 2, 1, 2, 1, 1, 1, 2, 2, 2, 2, 2, NA, 1, 1, 2, 2, 2, 2, NA, 
2, 2, 1, 2, 2, 2, 1, 2, 2, 2, 1, 2, 1, 1, 2, 1, 1, 1, 1, 2, 2, 
1, 2, 2, 1, 2, 1, 1, 2, 2, 2, 1, 1, 2, 1, 1, 2, 1, 2, NA, 2, 
1, 1, 1, 1, 2, 1, 2, 2, 2, NA, 2, 1, 1, 1, 2, 1, 2, 2, 2, 2, 
2, NA, 1, 1, 2, 2, 2, 1, 1, 2, 2, 2, NA, 2, 2, 2, 2, 2, 2, NA, 
NA, NA, 2, 2, 2, 1, 1, 1, 1, 1, 2, NA, 2, 2, 1, 2, 1, 1, 2, 2, 
2, 2, 1, 2, 2, 1, 2, 1, 2, 1, 2, 2, 1, 1, 2, 2, 1, 2, 1, 1, 1, 
1, NA, 2, NA, 2, 2, 1, 2, 1, 1, 2, 2, 2, NA, 1, 2, 1, NA, 2, 
1, 2, NA, 2, NA, 1, 1, 2, 2, 1, 2, 2, 2, 2, 2, 1, 1, 1, 2, 1, 
2, 2, 2, 1, 2, 2, 1, 1, 2, 2, 2, 1, 1, 2, 1, 2, 2, 2, 2, 2, 1, 
2, 2, 2, NA, 2, 2, 2, 2, 1, 1, 1, 1, 1, 2, 2, 2, 2, 2, NA, NA, 
1, NA, NA, NA, 2, NA, NA, 2, NA, 2, 2, 2, 1, 2, 2, 1, 1, 2, 1, 
1, 2, 2, 1, 1, 1, 2, 2, 1, 2, 2, 1, 2, 2, 1, 2, 2, 2, 1, 1, 2, 
1, NA, 2, 1, 1, 1, 2, 1, 1, 1, 2, 2, 1, 2, 2, 2, 2, 2, 1, 1, 
1, 2, 1, 2, 2, 2, NA, 2, 2, 2, NA, 2, NA, 2, 1, 1, 2, 1, 2, NA, 
2, 2, 2, 1, 2, 2, 2, 1, NA, 2, 2, 2, 1, 1, 1, 1, 1, 2, 2, 2, 
2, 2, 2, 1, 1, 2, 2, 2, 2, 1, 1, 2, 1, 2, 2, 2, 1, 2, 2, 1, 1, 
2, 2, 1, 2, 2, 2, NA, 1, 2, 2, 1, 2, 2, 2, 2, 2, 1, 2, 2, 2, 
1, 1, 2, NA, NA, 1, 1, 1, 2, 2, 1, 1, NA, 2, 1, 1, 2, 2, 2, 2, 
2, 1, 1, 1, 2, 1, 2, 2, 2, 1, 2, 2, 1, 1, 2, 2, 2, 1, 1, 2, 1, 
2, 2, 2, 2, 2, 1, NA, 1, 2, 1, NA, 2, 2, 2, 1, 2, NA, NA, 1, 
2, 2, NA, 2, 2, 2, 1, 1, 2, 2, 2, 2, 1, 1, 2, 1, 2, 2, 2, 1, 
2, 2, 1, 1, 2, 2, 1, 2, NA, NA, 1, 1, 2, 2, 1, 2, 2, 2, 2, 2, 
NA, 2, 2, 2, 1, 1, 2, 1, 1, 2, 1, 1, 1, NA, 1, 1, 1, 2, 1, 1, 
2, 2, 2, 2, 2, 2, 1, 1, 2, 1, 2, 2, 2, 1, 2, 2, 1, 1, 2, 2, 2, 
1, 1, 2, 1, 2, 2, 2, 2, 2, 1, 2, 1, 2, NA, NA, 2, 2, 2, 1, 1, 
2, 1, 1, 2, 1, 2, 2, 2, NA, 1, 1, 2, 2, 1, 2, 1, 1, 2, 1, 2, 
2, 2, 1, 2, 2, 1, 1, 2, 2, 1, 2, 2, 2, 1, 2, 1, 1, NA, 2, 2, 
2, 2, 2, 1, 2, 2, 2, 1, 1, 2, 1, 1, 2, 1, 1, 1, 2, 1, 1, 1, 2, 
1, 1, 2, 2, 2, 2, 2, 2, NA, NA, 2, 1, 2, NA, NA, NA, 2, 2, 1, 
NA, NA, 2, 2, 1, 1, NA, 1, NA, 2, 2, 2, 2, 1, NA, 1, 2, NA, NA, 
2, 2, NA, 1, NA, NA, 1, 1, 2, 1, 2, 2, 2, 2, 1, 1, 2, 2, 1, 2, 
NA, 1, 2, 1, 1, 2, 2, 2, 2, 2, 1, 1, 2, 2, 2, 2, 2, 1, 1, 2, 
1, 1, 2, 2, 2, 2, 1, 1, 1, 2, 2, 2, 1, 1, 2, 1, NA, 2, 2, 2, 
1, 2, 1, 1, 1, 2, 1, 1, 2, 2, 2, NA, 2, 1, 1, 1, 2, 1, 2, 2, 
2, 1, 2, 2, 1, 1, 2, 2, 2, 1, 1, 2, 1, 2, 2, 2, 2, 2, 1, 2, 1, 
2, NA, NA, 2, 2, 2, 1, 1, 2, 1, 1, 2, 1, 2, 2, 2, NA, 1, 2, 2, 
2, 1, 2, 1, 1, 2, 1, 1, 2, 2, 2, 2, 2, 1, 1, 2, 2, 2, 2, 2, 2, 
1, 2, NA, 1, NA, 2, 2, 2, 2, 2, 1, 2, 2, 2, 2, 1, 2, 1, NA, 1, 
1, 1, 1, 2, 1, NA, 1, 2, 1, 1, NA, NA, NA, NA, 2, 1, 1, 1, 2, 
NA, 2, 2, 2, 1, 2, 2, NA, NA, 2, 2, 2, 1, 1, 2, 1, 2, NA, 2, 
2, 1, 1, 2, 1, 2, NA, NA, 2, 2, 2, 1, 1, 2, 1, 1, 2, 1, 2, 2, 
2, NA, 1, 2, 2, 2, 1, 2, 1, 1, 2, NA, 1, 2, 2, 2, 1, 2, 1, 1, 
2, 2, 2, 2, 2, 2, 1, 2, 1, 1, NA, 2, 2, 2, 2, 2, 1, 2, 1, 2, 
2, 1, 2, 1, NA, 1, 1, 1, NA, 1, 1, 1, 2, 2, 2, 1, NA, 1, 2, 2, 
2, 1, 1, 1, 1, 1, 1, 2, NA, 1, 2, NA, 1, 2, 2, 2, 2, 1, 1, 2, 
1, 2, NA, 2, 2, 1, 1, NA, 1, 2, 2, 1, 2, 1, 2, 1, 1, 2, 1, 1, 
2, 1, 1, 2, 2, 1, 1, 2, 2, 1, 1, 1, 1, 1, 2, 1, 1, 1, 2, 2, 1, 
2, 1, 1, 2, 2, 2, NA, 2, 2, 1, 2, 1, 1, 2, 2, 1, 2, 2, 2, 1, 
2, 1, 2, 2, 1, 2, 1, 1, 1, 1, 1, 1, 1, 1), .Dim = c(104, 10), .Dimnames = list(
    c("V1", "V2", "V3", "V4", "V5", "V6", "V7", "V8", "V9", "V10", 
    "V11", "V12", "V13", "V14", "V15", "V16", "V17", "V18", "V19", 
    "V20", "V21", "V22", "V23", "V24", "V25", "V26", "V27", "V28", 
    "V29", "V30", "V31", "V32", "V33", "V34", "V35", "V36", "V37", 
    "V38", "V39", "V40", "V41", "V42", "V43", "V44", "V45", "V46", 
    "V47", "V48", "V49", "V50", "V51", "V52", "V53", "V54", "V55", 
    "V56", "V57", "V58", "V59", "V60", "V61", "V62", "V63", "V64", 
    "V65", "V66", "V67", "V68", "V69", "V70", "V71", "V72", "V73", 
    "V74", "V75", "V76", "V77", "V78", "V79", "V80", "V81", "V82", 
    "V83", "V84", "V85", "V86", "V87", "V88", "V89", "V90", "V91", 
    "V92", "V93", "V94", "V95", "V96", "V97", "V98", "V99", "V100", 
    "V101", "V102", "V103", "V104"), c("M1", "M2", "M3", "M4", 
    "M5", "M6", "M7", "M8", "M9", "M10"))), map = structure(c(0, 
8.8, 20.6, 27.4, 34.2, 42.9, 53.6, 64.1, 69.2, 83.9), .Names = c("M1", 
"M2", "M3", "M4", "M5", "M6", "M7", "M8", "M9", "M10"))), .Names = c("data", 
"map"), class = "A")), .Names = "ch1"), pheno = structure(list(
    vern8 = c(3.020425, 2.970414, 2.74084, 3.367296, 3.135494, 
    2.639057, 3.113515, 2.944439, 2.251292, 2.351375, 3.068053, 
    3.135494, 3.157, 3.020425, 3.511545, 2.890372, 2.890372, 
    3.113515, 2.862201, 3.198673, 2.970414, 3.417727, 2.80336, 
    2.564949, 2.525729, 2.890372, 3.198673, 3.496508, 2.484907, 
    3.277145, 3.068053, 2.917771, 2.904165, 3.044522, 2.944439, 
    3.044522, 2.484907, 3.314186, 3.020425, 3.157, 2.564949, 
    2.140066, 3.349904, 3.113515, 3.146305, 2.833213, 2.890372, 
    3.295837, 2.995732, 2.74084, 3.795489, 3.218876, 2.944439, 
    2.74084, 3.068053, 3.465736, 3.218876, 3.044522, 3.48124, 
    3.597312, 3.157, 3.637586, 3.135494, 2.890372, 3.178054, 
    3.008155, 3.367296, 3.135494, 3.135494, 2.995732, 3.198673, 
    3.091042, 3.526361, 3.135494, 2.674149, 3.068053, 3.044522, 
    3.020425, 3.091042, 2.970414, 3.218876, 3.178054, 3.349904, 
    2.917771, 2.862201, 2.970414, 2.397895, 2.917771, 2.862201, 
    3.044522, 2.890372, 3.367296, 2.639057, 3.068053, 3.38439, 
    2.674149, 3.349904, 3.295837, 3.113515, 3.38439, 3.465736, 
    3.258097, 3.068053, 3.277145)), .Names = "vern8", row.names = c("1", 
"2", "3", "4", "5", "6", "7", "8", "9", "10", "11", "12", "13", 
"14", "15", "16", "17", "18", "19", "20", "21", "22", "23", "24", 
"25", "26", "27", "28", "29", "30", "31", "32", "33", "34", "35", 
"36", "37", "38", "39", "40", "41", "42", "43", "44", "45", "46", 
"47", "48", "49", "50", "51", "52", "53", "54", "55", "56", "57", 
"58", "59", "60", "61", "62", "63", "64", "65", "66", "67", "68", 
"69", "70", "71", "72", "73", "74", "75", "76", "77", "78", "79", 
"80", "81", "82", "83", "84", "85", "86", "87", "88", "89", "90", 
"91", "92", "93", "94", "95", "96", "97", "98", "99", "100", 
"101", "102", "103", "104"), class = "data.frame")), .Names = c("geno", 
"pheno"), class = c("bc", "cross"))
